Burnin, R^: 
Burnin Candidates [0.05 0.1  0.15 0.2 ]
Burnin 0.05
190000 2 4
Rhat: 0.05 [1.00002571 1.00002244]
Burnin 0.1
180000 2 4
Rhat: 0.1 [1.00001957 1.00001656]
Burnin 0.15000000000000002
170000 2 4
Rhat: 0.15000000000000002 [1.00000899 1.00000683]
Burnin 0.2
160000 2 4
Rhat: 0.2 [1.00001618 1.00001771]
Efficiency: 
0 34.57167285836429
1 34.491172455862284
2 34.64317321586607
3 34.481172405862026
Omega_m 0.2097098056414167 0.09920296828382966
Omega_lambda 0.5870735132236302 0.12807811552499776
Confidence Intervals
Omega_m 0.2097098056414167 [-0.00340777  0.00340777] [-0.00679548  0.00679548] [-0.01010688  0.01010688]
Omega_lambda 0.5870735132236302 [-0.00439967  0.00439967] [-0.00877345  0.00877345] [-0.0130487  0.0130487]
