Burnin, R^: 
Burnin Candidates [0.05 0.1  0.15 0.2 ]
Burnin 0.05
190000 3 4
Rhat: 0.05 [1.00086397 1.00058678 1.00009051]
Burnin 0.1
180000 3 4
Rhat: 0.1 [1.0007918  1.00051672 1.00009518]
Burnin 0.15000000000000002
170000 3 4
Rhat: 0.15000000000000002 [1.00074818 1.0004425  1.00008762]
Burnin 0.2
160000 3 4
Rhat: 0.2 [1.00104943 1.00060938 1.00012626]
Efficiency: 
0 16.280581402907014
1 16.014580072900365
2 16.23108115540578
3 16.031580157900795
(200000, 3)
(200000, 3)
(200000, 3)
(200000, 3)
Confidence Intervals
Omega_m 0.22710746154306266 [-0.11172674  0.11172674] [-0.22279579  0.22279579] [-0.33136301  0.33136301]
w -0.8935994695449878 [-0.23776658  0.23776658] [-0.47413353  0.47413353] [-0.7051763  0.7051763]
h 0.6984202518749956 [-0.00812796  0.00812796] [-0.01620807  0.01620807] [-0.02410618  0.02410618]
