Burnin, R^: 
Burnin Candidates [0.05 0.1  0.15 0.2 ]
Burnin 0.05
190000 2 4
Rhat: 0.05 [1.00000168 1.00000685]
Burnin 0.1
180000 2 4
Rhat: 0.1 [1.00000147 1.00000116]
Burnin 0.15000000000000002
170000 2 4
Rhat: 0.15000000000000002 [1.00000154 1.00000028]
Burnin 0.2
160000 2 4
Rhat: 0.2 [1.00000312 0.99999867]
Efficiency: 
0 22.215611078055385
1 22.15411077055385
2 22.15561077805389
3 22.10511052555263
(200000, 2)
(200000, 2)
(200000, 2)
(200000, 2)
Omega_m 0.2963439670378784 0.03339020768388141
h 0.7006140297114213 0.007439704845080866
Omega_m 0.2963439670378784 [-0.03341164  0.03341164] [-0.0666266  0.0666266] [-0.09909339  0.09909339]
h 0.7006140297114213 [-0.00744448  0.00744448] [-0.01484514  0.01484514] [-0.02207909  0.02207909]
Confidence Intervals (divided by rt(N))
Omega_m 0.2963439670378784 [-0.001147  0.001147] [-0.00228725  0.00228725] [-0.00340182  0.00340182]
h 0.7006140297114213 [-0.00025556  0.00025556] [-0.00050963  0.00050963] [-0.00075796  0.00075796]
