Burnin, R^: 
Burnin Candidates [0.05 0.1  0.15 0.2 ]
Burnin 0.05
19000 3 4
Rhat: 0.05 [1.00457592 1.00345554 1.001687  ]
Burnin 0.1
18000 3 4
Rhat: 0.1 [1.00460193 1.00349028 1.00176295]
Burnin 0.15000000000000002
17000 3 4
Rhat: 0.15000000000000002 [1.00356294 1.00307353 1.00175076]
Burnin 0.2
16000 3 4
Rhat: 0.2 [1.00329523 1.0031288  1.00212479]
Efficiency: 
0 6.400320016000805
1 6.610330516525831
2 6.430321516075798
3 6.290314515725781

Omega_m 0.20250535651999765 [-0.10866901  0.10866901] [-0.21669832  0.21669832] [-0.32229427  0.32229427]
w -0.8431522125646417 [-0.21169673  0.21169673] [-0.42214729  0.42214729] [-0.62785743  0.62785743]
h 0.6978800720670715 [-0.00789062  0.00789062] [-0.01573478  0.01573478] [-0.02340226  0.02340226]
