[[ 0.000768 -0.000384 -0.000384]
 [-0.000384  0.000768  0.000384]
 [-0.000384  0.000384  0.000768]]

Burnin, R^: 
Burnin Candidates [0.05 0.1  0.15 0.2 ]
Burnin 0.05
19000 3 4
Rhat: 0.05 [1.0028073  1.00357631 1.00112657]
Burnin 0.1
18000 3 4
Rhat: 0.1 [1.00296871 1.00373872 1.00114874]
Burnin 0.15000000000000002
17000 3 4
Rhat: 0.15000000000000002 [1.00335468 1.00406216 1.00119368]
Burnin 0.2
16000 3 4
Rhat: 0.2 [1.00417205 1.00501148 1.00131743]
Efficiency: 
0 23.666183309165454
1 23.26116305815291
2 23.286164308215408
3 22.78113905695285
(20000, 3)
(20000, 3)
(20000, 3)
(20000, 3)
Confidence Intervals
Omega_m 0.22159273275973243 [-0.11243351  0.11243351] [-0.22420517  0.22420517] [-0.33345916  0.33345916]
Omega_lambda 0.588215728400789 [-0.17298137  0.17298137] [-0.34494448  0.34494448] [-0.51303411  0.51303411]
h 0.6979983997288609 [-0.00857601  0.00857601] [-0.01710153  0.01710153] [-0.02543502  0.02543502]
