Duhnkley covariance
[[ 0.000768 -0.000384 -0.000384]
 [-0.000384  0.009408  0.000384]
 [-0.000384  0.000384  0.000768]]

Burnin, R^: 
Burnin Candidates [0.05 0.1  0.15 0.2 ]
Burnin 0.05
19000 3 4
Rhat: 0.05 [1.00633441 1.00476619 1.00034876]
Burnin 0.1
18000 3 4
Rhat: 0.1 [1.00668543 1.00478886 1.00023108]
Burnin 0.15000000000000002
17000 3 4
Rhat: 0.15000000000000002 [1.00830143 1.00663271 1.00041224]
Burnin 0.2
16000 3 4
Rhat: 0.2 [1.00599233 1.00477457 1.00034034]
Efficiency: 
0 16.815840792039605
1 16.34081704085204
2 16.540827041352067
3 16.250812540627035

Confidence Intervals
Omega_m 0.2234312800028897 [-0.10703197  0.10703197] [-0.21343388  0.21343388] [-0.31743908  0.31743908]
w -0.8843737283698205 [-0.22985691  0.22985691] [-0.45836075  0.45836075] [-0.68171752  0.68171752]
h 0.6983931286118151 [-0.00812808  0.00812808] [-0.01620831  0.01620831] [-0.02410653  0.02410653]
