Burnin, R^: 
Burnin Candidates [0.05 0.1  0.15 0.2 ]
Burnin 0.05
190000 2 4
Rhat: 0.05 [0.99999888 0.99999803]
Burnin 0.1
180000 2 4
Rhat: 0.1 [1.00000378 1.00000038]
Burnin 0.15000000000000002
170000 2 4
Rhat: 0.15000000000000002 [1.00000568 1.00000064]
Burnin 0.2
160000 2 4
Rhat: 0.2 [1.00000322 0.99999922]

Efficiency: 
0 57.56476424869027
1 57.585319918443986
2 57.61865343696354
3 57.52643070239279

Confidence Intervals (dividing by N^0.5)
Omega_m 0.296519591484442 [-3.96256447e-05  3.96256447e-05] [-7.90180304e-05  7.90180304e-05] [-0.00011752  0.00011752]
h 0.7005736775273582 [-8.84530764e-06  8.84530764e-06] [-1.76385468e-05  1.76385468e-05] [-2.62337174e-05  2.62337174e-05]

Confidence Intervals
Omega_m 0.296519591484442 [-0.03362347  0.03362347] [-0.06704902  0.06704902] [-0.09972166  0.09972166]
h 0.7005736775273582 [-0.00750549  0.00750549] [-0.0149668  0.0149668] [-0.02226005  0.02226005]

Mean, Errbars (sigma)
Omega_m 0.296519591484442 0.03360190785501152
h 0.7005736775273582 0.007500678265029625
