Covariance Matrix
[[ 0.01152 -0.00576]
 [-0.00576  0.01152]]

Burnin, R^: 
Burnin Candidates [0.05 0.1  0.15 0.2 ]
Burnin 0.05
190000 2 4
Rhat: 0.05 [1.0000172  1.00001314]
Burnin 0.1
180000 2 4
Rhat: 0.1 [1.00003294 1.00002528]
Burnin 0.15000000000000002
170000 2 4
Rhat: 0.15000000000000002 [1.00004117 1.00003558]
Burnin 0.2
160000 2 4
Rhat: 0.2 [1.0000578  1.00006441]
Efficiency: 
0 29.52914764573823
1 29.54164770823854
2 29.64314821574108
3 29.574647873239368
Omega_m 0.22371896113469775 0.10763324959908054
w -0.8893614974053502 0.20597375095148898

Confidence Intervals
Omega_m 0.22371896113469775 [-0.10770233  0.10770233] [-0.21477067  0.21477067] [-0.31942728  0.31942728]
w -0.8893614974053502 [-0.20610595  0.20610595] [-0.41099864  0.41099864] [-0.61127611  0.61127611]


Confidence Intervals (Dividing by rt(N))
Omega_m 0.22371896113469775 [-0.00369736  0.00369736] [-0.00737296  0.00737296] [-0.01096576  0.01096576]
w -0.8893614974053502 [-0.0070755  0.0070755] [-0.01410936  0.01410936] [-0.02098477  0.02098477]
['Omega_m', 'w']
