Covariance = Dunkley / 10
[[ 7.680e-05 -3.840e-05 -3.840e-05]
 [-3.840e-05  9.408e-04  3.840e-05]
 [-3.840e-05  3.840e-05  7.680e-05]]

Burnin, R^: 
Burnin Candidates [0.05 0.1  0.15 0.2 ]
Burnin 0.05
19000 3 4
Rhat: 0.05 [1.01456851 1.01584007 1.0008634 ]
Burnin 0.1
18000 3 4
Rhat: 0.1 [1.01363264 1.01496312 1.00077438]
Burnin 0.15000000000000002
17000 3 4
Rhat: 0.15000000000000002 [1.01289557 1.01320283 1.0006448 ]
Burnin 0.2
16000 3 4
Rhat: 0.2 [1.01072835 1.01178963 1.00066708]
Efficiency: 
0 51.732586629331465
1 50.792539626981345
2 51.47257362868143
3 51.932596629831494
(20000, 3)
(20000, 3)
(20000, 3)
(20000, 3)
Confidence Intervals
Omega_m 0.1990320859443405 [-0.10456222  0.10456222] [-0.20850892  0.20850892] [-0.31011421  0.31011421]
w -0.8289688855922952 [-0.18335664  0.18335664] [-0.36563394  0.36563394] [-0.54380543  0.54380543]
h 0.6976152778786459 [-0.00797487  0.00797487] [-0.0159028  0.0159028] [-0.02365215  0.02365215]
