Dunkley covariance
Burnin, R^: 
Burnin Candidates [0.05 0.1  0.15 0.2 ]
Burnin 0.05
19000 3 4
Rhat: 0.05 [1.02776784 1.02321692 1.0037649 ]
Burnin 0.1
18000 3 4
Rhat: 0.1 [1.0262888  1.02202975 1.00370697]
Burnin 0.15000000000000002
17000 3 4
Rhat: 0.15000000000000002 [1.02521319 1.02014403 1.0032256 ]
Burnin 0.2
16000 3 4
Rhat: 0.2 [1.02472357 1.02008109 1.00331844]
Efficiency: 
0 16.245812290614523
1 15.90079503975199
2 16.070803540177014
3 14.870743537176857

Omega_m 0.20542828787345235 [-0.12265301  0.12265301] [-0.24458402  0.24458402] [-0.36376852  0.36376852]
w -0.8639321655920015 [-0.2479604  0.2479604] [-0.49446117  0.49446117] [-0.73540949  0.73540949]
h 0.6980715639900597 [-0.00812296  0.00812296] [-0.0161981  0.0161981] [-0.02409135  0.02409135]
